1.10
1.11
1.20
1.34
1.52
1.53
1.55
1.179
1.186
1.187
1.188
1.189
1.192
1.193
1.194
1.195
1.196
1.197
1.198
1.199
1.200
1.201
1.202
1.203
1.204
1.205
1.206
1.207
1.208
1.209
1.210
1.211
1.212
1.213
1.214
1.215
1.216
1.217
1.218
1.219
1.220
1.221
1.222
1.223
14.0
14.1
14.2
14.3
14.102
14.160
14.161
14.162
14.163
14.164
14.165
14.166
14.167
14.168
14.169
14.170
14.171
14.172
14.173
14.174
14.175
14.176
14.177
14.178
14.179
14.180
14.181
14.182
14.183
14.184
14.185
14.186
14.187
14.188
14.189
14.190
14.191
27.0
27.1
27.2
27.3
27.4
27.5
27.6
27.7
27.8
27.9
27.50
27.51
27.52
27.53
27.54
27.55
27.56
27.57
27.58
27.59
27.60
27.61
27.62
27.63
27.64
27.65
27.66
27.67
27.68
27.69
27.70
27.71
27.72
27.73
27.74
27.75
27.76
27.77
27.78
27.79
27.80
27.81
27.82
27.83
27.84
27.85
27.86
27.87
27.88
27.89
36.64
36.65
36.66
36.67
36.68
36.69
36.70
36.71
36.72
36.73
36.74
36.75
36.76
36.77
36.78
36.79
36.80
36.81
36.82
36.83
36.84
36.85
36.86
36.87
36.88
36.89
36.90
36.91
36.92
36.93
36.94
36.95
36.96
36.97
36.98
36.99
42.0
42.1
42.2
42.3
49.128
49.144
49.145
49.156
49.157
49.158
49.159
49.236
49.237
49.238
49.239
58.0
58.1
58.2
58.3
58.96
58.97
58.98
58.99
58.100
58.101
58.102
58.103
58.104
58.105
58.106
58.107
58.108
58.109
58.110
58.111
59.56
59.57
59.58
59.59
59.60
59.61
59.62
59.63
59.64
59.65
59.66
59.67
59.68
59.69
59.70
59.71
59.72
59.73
59.74
59.75
59.76
59.77
59.78
59.79
59.80
59.81
59.82
59.83
59.84
59.85
59.86
59.87
59.88
59.89
59.90
59.91
59.92
59.93
59.94
59.95
59.96
59.97
59.98
59.99
60.0
60.1
60.2
60.3
60.4
60.5
60.6
60.7
60.8
60.9
60.10
60.11
60.12
60.13
60.14
60.15
60.16
60.17
60.18
60.19
60.20
60.21
60.22
60.23
60.24
60.25
60.26
60.27
60.28
60.29
60.30
60.31
103.1
103.2
103.3
103.4
103.5
103.6
103.7
103.8
103.9
103.10
103.11
103.12
103.13
103.14
103.15
103.16
103.17
103.18
103.19
103.20
103.21
103.22
103.23
103.24
103.25
103.26
103.27
103.28
103.29
103.30
103.31
103.32
103.33
103.34
103.35
103.36
103.37
103.38
103.39
103.40
103.41
103.42
103.43
103.44
103.45
103.46
103.47
103.48
103.49
103.50
103.51
103.52
103.53
103.54
103.55
103.56
103.57
103.58
103.59
103.60
103.61
103.62
103.63
103.64
103.65
103.66
103.67
103.68
103.69
103.70
103.71
103.72
103.73
103.74
103.75
103.76
103.77
103.78
103.79
103.80
103.81
103.82
103.83
103.84
103.85
103.86
103.87
103.88
103.89
103.90
103.91
103.92
103.93
103.94
103.95
103.96
103.97
103.98
103.99
103.100
103.101
103.102
103.103
103.104
103.105
103.106
103.107
103.108
103.109
103.110
103.111
103.112
103.113
103.114
103.115
103.116
103.117
103.118
103.119
103.120
103.121
103.122
103.123
103.124
103.125
103.126
103.127
103.128
103.129
103.130
103.131
103.132
103.133
103.134
103.135
103.136
103.137
103.138
103.139
103.140
103.141
103.142
103.143
103.144
103.145
103.146
103.147
103.148
103.149
103.150
103.151
103.152
103.153
103.154
103.155
103.156
103.157
103.158
103.159
103.160
103.161
103.162
103.163
103.164
103.165
103.166
103.167
103.168
103.169
103.170
103.171
103.172
103.173
103.174
103.175
103.176
103.177
103.178
103.179
103.180
103.181
103.182
103.183
103.184
103.185
103.186
103.187
103.188
103.189
103.190
103.191
103.192
103.193
103.194
103.195
103.196
103.197
103.198
103.199
103.200
103.201
103.202
103.203
103.204
103.205
103.206
103.207
103.208
103.209
103.210
103.211
103.212
103.213
103.214
103.215
103.216
103.217
103.218
103.219
103.220
103.221
103.222
103.223
103.224
103.225
103.226
103.227
103.228
103.229
103.230
103.231
103.232
103.233
103.234
103.235
103.236
103.237
103.238
103.239
103.240
103.241
103.242
103.243
103.244
103.245
103.246
103.247
103.248
103.249
103.250
103.251
103.252
103.253
103.254
103.255
110.0
110.1
110.2
110.3
110.4
110.5
110.6
110.7
110.8
110.9
110.10
110.11
110.12
110.13
110.14
110.15
110.16
110.17
110.18
110.19
110.20
110.21
110.22
110.23
110.24
110.25
110.26
110.27
110.28
110.29
110.30
110.31
110.32
110.33
110.34
110.35
110.36
110.37
110.38
110.39
110.40
110.41
110.42
110.43
110.44
110.45
110.46
110.47
110.48
110.49
110.50
110.51
110.52
110.53
110.54
110.55
110.56
110.57
110.58
110.59
110.60
110.61
110.62
110.63
110.64
110.65
110.66
110.67
110.68
110.69
110.70
110.71
110.72
110.73
110.74
110.75
110.76
110.77
110.78
110.79
110.80
110.81
110.82
110.83
110.84
110.85
110.86
110.87
110.88
110.89
110.90
110.91
110.92
110.93
110.94
110.95
110.96
110.97
110.98
110.99
